13 30 1 30
0 1 0 1
1
0 0 0
0 2 0 1
2
5 0 0
0 3 0 1
3
5 1 0
0 4 0 1
4
5 2 0
0 5 0 1
5
5 3 0
0 6 0 1
6
0 3 0
1 1 0 4
7
8
9
10
0.9999999999984134 0 0
1.999999999995513 0 0
2.999999999996966 0 0
3.999999999998489 0 0
1 2 0 0
1 3 0 0
1 4 0 0
1 5 0 4
11
12
13
14
3.999999999999998 3 0
2.999999999999996 3 0
1.999999999999994 3 0
0.9999999999999911 3 0
1 6 0 2
15
16
0 2.000000000001941 0
0 1.00000000000281 0
2 1 0 14
17
18
19
20
21
22
23
24
25
26
27
28
29
30
1.50460008790516 2.234502555276968 0
3.495399912093783 2.234502555277019 0
2.49999999999624 0.8660254037838119 0
1.504600087903718 0.7654974447233844 0
3.495399912092374 0.7654974447233714 0
2.499999999999055 2.244834185092191 0
0.8632236145391138 1.500000000001568 0
4.136776385459715 1.500000000000127 0
1.999999999995407 1.499999999997551 0
2.999999999999996 1.500000000001614 0
0.7269592645553682 0.7269592645565686 0
4.273040735444942 2.273040735444943 0
4.273040735444784 0.7269592645548031 0
0.726959264554206 2.273040735446322 0
